CIDR,Network Address,Usable Host IP Range,Broadcast Address,Netmask,Total Number of Hosts,Number of Usable Hosts
/0,0.0.0.0,0.0.0.1 - 255.255.255.254,255.255.255.255,0.0.0.0,"4,294,967,296","4,294,967,294"
/1,0.0.0.0,0.0.0.1 - 127.255.255.254,127.255.255.255,128.0.0.0,"2,147,483,648","2,147,483,646"
/2,0.0.0.0,0.0.0.1 - 63.255.255.254,63.255.255.255,192.0.0.0,"1,073,741,824","1,073,741,822"
/3,0.0.0.0,0.0.0.1 - 31.255.255.254,31.255.255.255,224.0.0.0,"536,870,912","536,870,910"
/4,0.0.0.0,0.0.0.1 - 15.255.255.254,15.255.255.255,240.0.0.0,"268,435,456","268,435,454"
/5,0.0.0.0,0.0.0.1 - 7.255.255.254,7.255.255.255,248.0.0.0,"134,217,728","134,217,726"
/6,0.0.0.0,0.0.0.1 - 3.255.255.254,3.255.255.255,252.0.0.0,"67,108,864","67,108,862"
/7,0.0.0.0,0.0.0.1 - 1.255.255.254,1.255.255.255,254.0.0.0,"33,554,432","33,554,430"
/8,0.0.0.0,0.0.0.1 - 0.255.255.254,0.255.255.255,255.0.0.0,"16,777,216","16,777,214"
/9,0.0.0.0,0.0.0.1 - 0.127.255.254,0.127.255.255,255.128.0.0,"8,388,608","8,388,606"
/10,0.0.0.0,0.0.0.1 - 0.63.255.254,0.63.255.255,255.192.0.0,"4,194,304","4,194,302"
/11,0.0.0.0,0.0.0.1 - 0.31.255.254,0.31.255.255,255.224.0.0,"2,097,152","2,097,150"
/12,0.0.0.0,0.0.0.1 - 0.15.255.254,0.15.255.255,255.240.0.0,"1,048,576","1,048,574"
/13,0.0.0.0,0.0.0.1 - 0.7.255.254,0.7.255.255,255.248.0.0,"524,288","524,286"
/14,0.0.0.0,0.0.0.1 - 0.3.255.254,0.3.255.255,255.252.0.0,"262,144","262,142"
/15,0.0.0.0,0.0.0.1 - 0.1.255.254,0.1.255.255,255.254.0.0,"131,072","131,070"
/16,0.0.0.0,0.0.0.1 - 0.0.255.254,0.0.255.255,255.255.0.0,"65,536","65,534"
/17,0.0.0.0,0.0.0.1 - 0.0.127.254,0.0.127.255,255.255.128.0,"32,768","32,766"
/18,0.0.0.0,0.0.0.1 - 0.0.63.254,0.0.63.255,255.255.192.0,"16,384","16,382"
/19,0.0.0.0,0.0.0.1 - 0.0.31.254,0.0.31.255,255.255.224.0,"8,192","8,190"
/20,0.0.0.0,0.0.0.1 - 0.0.15.254,0.0.15.255,255.255.240.0,"4,096","4,094"
/21,0.0.0.0,0.0.0.1 - 0.0.7.254,0.0.7.255,255.255.248.0,"2,048","2,046"
/22,0.0.0.0,0.0.0.1 - 0.0.3.254,0.0.3.255,255.255.252.0,"1,024","1,022"
/23,0.0.0.0,0.0.0.1 - 0.0.1.254,0.0.1.255,255.255.254.0,512,510
/24,0.0.0.0,0.0.0.1 - 0.0.0.254,0.0.0.255,255.255.255.0,256,254
/25,0.0.0.0,0.0.0.1 - 0.0.0.126,0.0.0.127,255.255.255.128,128,126
/26,0.0.0.0,0.0.0.1 - 0.0.0.62,0.0.0.63,255.255.255.192,64,62
/27,0.0.0.0,0.0.0.1 - 0.0.0.30,0.0.0.31,255.255.255.224,32,30
/28,0.0.0.0,0.0.0.1 - 0.0.0.14,0.0.0.15,255.255.255.240,16,14
/29,0.0.0.0,0.0.0.1 - 0.0.0.6,0.0.0.7,255.255.255.248,8,6
/30,0.0.0.0,0.0.0.1 - 0.0.0.2,0.0.0.3,255.255.255.252,4,2
/31,0.0.0.0,NA,0.0.0.1,255.255.255.254,2,0
/32,0.0.0.0,NA,0.0.0.0,255.255.255.255,1,0
